106
106
106
106
7
7
7
18
72
72
18
98
98
98
98
98
98
98
98
98
98
98
98
98
98
98
98
98
98
98
98
96
98
98
98
98
98
98
98
98
98
98
98
98
98
98
98
98
98
98
98
98
98
98
98
98
18
18
106
106
106
106
106
106
106
106
98
98
70
98
98
98
98
98
98
98
98
98
98
98
98
98
98
98
63
98
98
18
6
18
98
98
98
98
98
98
98
18
98
98
18
98
98
84
84
84
84
84
84
84
84
84
84
84
84
84
84
84
84
84
84
84
84
84
84
84
84
84
84
84
84
84
84
84
84
84
84
84
84
84
84
84
84
84
84
84
84
84
84
84
84
84
84
84
84
84
84
84
84
84
84
84
84
18
66
88
88
88
88
88
88
88
88
105
105
105
105
105
105
105
98
98
98
98
98
88
88
88
88
88
88
88
88
105
105
105
105
105
105
105
105
88
105
105
86
86
108
108
115
88
88
88
88
88
105
88
105
88
86
88
86
86
88
86
108
88
88
88
88
86
105
93
93
93
93
115
115
86
93
108
89
108
89
115
115
117
117
118
116
129
129
109
89
111
89
89
94
94
94
39
107
107
95
119
90
95
40
40
85
85
116
78
116
113
100
100
114
114
114
99
114
96
102
109
109
102
102
109
133
79
111
111
94
128
2
120
95
95
91
95
104
85
85
85
78
78
78
78
78
78
92
92
92
98
131
98
106
106
106
106
106
106
98
98
98
106
106
106
106
106
106
106
98
106
106
98
98
98
98
98
98
98
98
98
98
72
106
98
18
98
98
98
98
98
98
98
98
98
98
98
98
49
43
18
98
98
98
98
98
6
106
45
106
7
7
7
7
7
7
7
7
7
7
18
18
18
7
7
7
7
98
98
98
98
98
98
98
98
98
98
98
98
98
98
98
98
98
98
98
98
98
98
98
98
98
98
98
98
98
98
98
98
98
98
98
98
98
98
54
18
106
98
112
98
115
115
117
89
89
89
39
39
39
119
116
116
98
112
112
105
93
115
117
89
89
39
18
33
18
98
98
98
98
98
98
98
98
98
7
7
7
98
98
98
98
98
98
98
98
98
98
98
98
98
98
98
98
98
98
98
98
98
98
98
98
18
41
18
18
98
98
98
98
98
98
98
98
98
98
98
98
98
98
98
98
98
98
98
98
98
98
21
19
7
7
7
7
7
7
7
7
7
7
7
7
7
7
7
7
7
7
7
7
7
7
7
7
7
7
7
7
7
7
7
7
7
7
7
98
98
98
98
98
98
98
98
98
98
98
98
98
98
98
98
98
98
98
98
98
98
98
98
98
98
98
98
98
98
98
98
98
98
98
98
98
98
67
13
98
98
98
98
98
98
98
98
98
98
7
7
7
7
98
98
98
98
98
98
98
98
33
71
42
98
98
98
98
98
98
98
98
98
98
98
98
98
98
98
98
98
98
98
98
98
98
98
98
98
98
98
98
98
98
98
98
98
98
98
98
98
98
98
98
98
98
98
98
98
98
98
98
98
98
98
98
98
98
98
98
98
98
98
98
98
98
98
98
98
98
98
98
98
98
98
98
98
98
98
98
98
98
98
98
98
98
98
98
98
98
98
98
98
98
98
98
98
98
98
98
98
98
98
98
98
98
98
98
98
98
98
98
98
98
98
98
98
98
98
98
98
98
98
98
98
98
98
98
98
98
98
98
7
7
7
98
98
98
98
98
98
98
98
98
98
98
98
98
98
98
98
98
98
98
98
98
98
98
98
98
98
98
98
98
98
98
98
98
98
98
98
98
98
98
98
98
98
98
98
98
98
98
98
98
98
98
98
98
98
98
98
98
98
98
98
98
98
98
98
98
98
18
54
121
121
98
98
98
98
98
98
98
98
98
98
98
98
98
131
7
7
7
7
7
7
7
7
7
7
7
7
7
7
7
7
7
7
7
98
98
98
98
98
98
98
98
98
98
98
98
98
18
98
98
98
98
98
98
98
98
98
98
98
98
98
98
98
98
98
98
98
98
98
98
98
98
98
98
98
98
98
98
98
98
98
98
98
98
98
98
98
98
98
98
98
98
98
98
98
98
98
98
98
98
98
98
98
98
98
98
98
98
98
98
98
98
98
98
98
98
98
98
98
98
98
98
44
69
98
98
98
98
98
98
6
98
98
98
98
98
98
98
98
98
98
98
98
98
98
98
98
98
98
98
98
98
98
98
98
98
98
98
98
98
98
98
98
98
98
98
98
98
98
98
98
98
98
98
98
98
98
98
98
98
98
98
98
98
98
98
98
98
98
98
98
98
98
98
98
98
98
98
98
98
98
98
98
98
98
98
125
91
98
9
9
9
9
9
9
9
9
9
9
9
9
9
9
9
9
9
9
9
9
9
9
9
9
9
9
9
9
9
9
9
9
9
9
9
9
9
131
98
98
98
98
98
98
98
98
98
98
9
9
9
9
98
98
98
98
98
98
98
98
98
98
98
98
98
98
98
9
6
131
9
9
9
9
9
9
9
9
9
9
9
9
98
98
9
9
9
9
9
9
9
9
9
9
9
9
98
98
98
98
98
9
98
9
9
9
9
9
9
9
9
9
9
9
9
9
9
9
18
98
98
98
98
98
98
98
98
98
98
98
98
98
98
98
98
98
98
98
98
98
98
98
98
98
98
98
98
98
98
98
98
98
98
98
98
98
98
98
98
98
98
98
98
98
98
98
6
31
31
36
34
32
19
31
19
103
103
103
103
103
103
103
103
103
35
32
33
35
23
23
18
37
24
19
19
33
19
33
35
122
18
16
131
18
18
18
53
53
53
53
53
53
53
53
53
53
53
53
53
53
53
65
65
54
57
67
124
124
18
131
63
75
75
75
6
75
75
18
18
63
76
76
76
76
76
76
63
76
76
131
101
101
101
101
7
7
101
101
7
101
101
101
101
101
101
101
101
101
7
101
101
101
101
7
101
101
101
101
101
101
101
101
7
7
7
101
101
101
101
101
101
101
101
101
18
6
18
35
18
7
7
7
7
101
101
101
7
7
7
7
7
7
7
7
7
7
7
7
7
7
7
7
101
101
101
101
101
101
101
101
101
101
101
101
101
101
101
101
30
30
18
6
76
18
27
27
6
64
27
27
27
32
11
63
27
18
18
27
18
27
77
61
12
6
18
54
57
130
57
57
131
27
57
18
22
35
18
63
63
18
63
32
103
103
103
103
103
103
103
103
103
103
103
103
103
103
103
103
103
103
103
103
103
103
103
103
32
32
103
103
50
52
52
52
51
123
46
47
63
63
63
63
63
18
131
6
18
131
18
18
18
18
57
73
18
76
80
18
18
18
18
55
18
76
18
18
55
57
131
18
18
131
6
57
18
55
55
55
55
55
54
18
130
6
16
18
18
76
76
57
87
87
87
87
87
87
18
18
126
48
48
76
131
6
54
82
16
124
20
18
18
55
18
6
106
18
55
54
54
101
9
9
101
101
101
101
101
101
101
9
101
101
101
101
101
101
101
101
101
101
101
101
101
9
9
9
101
101
101
101
101
101
101
101
101
101
101
101
101
101
101
101
101
9
9
101
101
101
101
101
101
101
101
101
101
101
101
101
101
9
101
101
101
101
101
101
101
9
9
9
9
9
9
9
9
9
9
9
9
9
9
9
9
9
101
101
101
101
101
101
101
101
101
101
101
101
101
101
101
101
101
101
101
101
101
9
101
101
101
101
101
101
101
9
9
101
101
101
101
101
101
9
101
101
101
101
101
101
9
101
101
101
9
101
101
101
101
101
101
101
76
101
101
101
101
101
9
101
101
101
9
9
9
101
101
101
18
106
18
6
106
55
55
101
101
18
76
101
101
101
101
101
101
101
101
101
101
101
101
101
101
101
101
101
101
9
20
117
101
101
101
9
101
101
101
18
101
101
101
101
13
18
3
18
18
6
18
124
101
101
101
9
74
6
18
124
20
20
81
76
76
76
32
32
124
20
55
14
14
68
68
68
18
76
76
26
68
28
28
28
28
28
28
28
68
59
58
68
58
68
58
59
58
18
1
60
68
60
68
60
68
68
60
2
68
68
17
68
68
32
68
18
63
63
10
10
10
15
15
15
15
15
10
10
15
15
10
15
10
15
15
10
15
15
15
15
15
15
10
15
15
10
15
15
15
15
15
10
10
10
15
15
10
15
10
10
15
10
10
15
10
15
15
15
10
15
15
10
10
10
15
10
15
10
15
10
15
10
15
10
10
15
15
15
15
10
15
10
15
10
10
15
15
10
10
10
10
10
15
15
15
10
10
15
18
10
15
15
15
15
15
15
15
15
15
10
15
10
15
10
10
15
15
10
15
15
15
15
15
10
10
15
10
10
10
15
15
18
18
18
5
38
25
17
18
18
18
18
18
18
5
18
132
110
26
97
33
83
127
25
25
25
25
25
25
25
25
54
54
5
132
55
55
55
55
55
55
54
54
5
62
60
60
5
55
81
5
5
60
60
132
77
4
132
77
76
56
8
29
106
106
106
106
106
106
106
106
76
